% Mach[-] CD [-]
0.00    0.408
0.050  0.396
0.100  0.384
0.150  0.373
0.200  0.362
0.250  0.355
0.300  0.345
0.350  0.341
0.400  0.334
0.450  0.331
0.500  0.328
0.550  0.327
0.600  0.325
0.650  0.327
0.700  0.329
0.750  0.333
0.800  0.344
0.850  0.364
0.900  0.403
0.950  0.474
1.00  0.563
1.05  0.643
1.10  0.699
1.15  0.720
1.20  0.709
1.25  0.686
1.30  0.662
1.35  0.639
1.40  0.618
1.45  0.597
1.50  0.577
1.55  0.557
1.60  0.539
1.65  0.521
1.70  0.504
1.75  0.487
1.80  0.470
1.85  0.455
1.90  0.440
1.95  0.425
2.00  0.411
2.05  0.397
2.10  0.382
2.15  0.369
2.20  0.356
2.25  0.343
2.30  0.332
2.35  0.320
2.40  0.308
2.45  0.295
2.50  0.285
2.55  0.273
2.60  0.264
2.65  0.254
2.70  0.244
2.75  0.235
2.80  0.227
2.85  0.219
2.90  0.212
2.95  0.205
3.00  0.198
3.05  0.191
3.10  0.186
3.15  0.180
3.20  0.175
3.25  0.172
3.30  0.167
3.35  0.163
3.40  0.160
3.45  0.158
3.50  0.156
3.55  0.152
3.60  0.151
3.65  0.149
3.70  0.146
3.75  0.144
3.80  0.144
3.85  0.142
3.90  0.142
3.95  0.139
4.00  0.139
4.05  0.139
4.10  0.138
4.15  0.137
4.20  0.137
4.25  0.137
4.30  0.137
4.35  0.137
4.40  0.137
4.45  0.137
4.50  0.137
4.55  0.137
4.60  0.137
4.65  0.137
4.70  0.137
4.75  0.137
4.80  0.137
4.85  0.137
4.90  0.137
4.95  0.137
5.00 0.137